depth_img_path: "/home/hzx/Projects/GS-Net/corl_example/depth.png"
camera_width: 720
camera_height: 1280
# camera_K: [[891.4274291992188, 0.0, 641.3092651367188], [0.0, 891.4274291992188, 355.7140808105469], [0.0, 0.0, 1.0]]
camera_K: [[1663.1481384679323, 0.0, 960.5], [0.0, 1663.1481384679323, 540.5], [0.0, 0.0, 1.0]]
camera_E: [[0.0000000,  0.4787004, -0.8779783, 1.000], 
           [1.0000000,  0.0000000,  0.0000000, -0.250], 
           [0.0000000, -0.8779783, -0.4787004, 0.600], 
           [0, 0, 0, 1]]
depth_scale: 25.5
num_point: 15000
voxel_size: 0.005
seed_feat_dim: 512
checkpoint_path: "/home/hzx/Projects/GS-Net/corl_example/epoch10.tar"
collision_thresh: -1
voxel_size_cd: 0.01
gripper_length_offset_1: 0.25
gripper_length_offset_2: 0.14
best_grasping_pose_save_path: "/home/hzx/Projects/hephaestus_ws/src/hephaestus_apps/config/corl.yaml"