depth_img_path: "/home/hzx/Projects/GS-Net/corl_example/depth.png"
camera_width: 720
camera_height: 1280
camera_K: [[891.4274291992188, 0.0, 641.3092651367188], [0.0, 891.4274291992188, 355.7140808105469], [0.0, 0.0, 1.0]]
depth_scale: 25.5
num_point: 15000
voxel_size: 0.005
seed_feat_dim: 512
checkpoint_path: "/home/hzx/Projects/GS-Net/corl_example/epoch10.tar"
collision_thresh: -1
voxel_size_cd: 0.01